15.466  -6.719   7.693
15.636  -7.520   7.392
14.982  -7.759   7.660
14.710  -7.067   6.969
13.986  -7.343   7.528
13.680  -7.203   6.585
13.278  -8.014   6.998
13.403  -8.153   6.082
13.718  -8.938   6.591
14.610  -9.109   6.780
14.171  -8.484   7.501
14.337  -8.083   6.853
14.397  -8.022   6.505
14.391  -7.661   5.816
14.267  -8.699   5.673
15.017  -8.670   5.869
15.295  -8.071   5.342
16.077  -8.424   5.963
16.288  -7.681   6.535
15.388  -7.634   6.325
15.379  -8.345   6.805
15.960  -8.594   7.103
15.183  -8.870   7.719
15.832  -8.269   8.158
16.170  -7.320   8.318
16.539  -6.959   7.401
16.685  -7.910   7.546
